0.0,0.244366814014923,0.9408954473225615,0.8714137368373867,0.9379413974867528,0.8914517330630473,0.7145320556044001,0.9079593471766465,0.9590896562946892,0.9158064897273734,0.9273896505460462,0.9280643652749729,0.9564872850154091,0.8749227207335243,0.797372741356037,0.8718572115388744,0.925865997595554,0.9303254389605382,0.8987097564653189,0.9007455938043928,0.9270098358723469,0.9226244893113367,0.9148450766253797,0.9180773212323123,0.9378037839817661,0.8970517299387316,0.9296688403612813,0.8986299197990136,0.5314561864319541,0.9795825967487608,0.86234979339317,0.9393570585869366,0.9088472443383532,0.8971545350588253,0.9012158370879129,0.912235728126907,0.9391722844456644,0.8674463307495216,0.8402751715151434,0.8721534505730157,0.9301979910082653,0.9125030391337967,0.9329698139485071,0.9230850913531472,0.9032942754338043,0.8585514985174356,0.8965885964679209,0.8973709526228906,0.9188457877398764,0.8260031441856481,0.9565272926822526,0.9570502409905516,0.8641156836129795,0.9420003849755848,0.9504878687263144,0.9504878687263144,0.8564741562129932,0.9573918402183925,0.8974124016890949
0.244366814014923,0.0,0.9338548831013322,0.8511081852066539,0.9290929287669574,0.8836131656738027,0.662712652394438,0.8948761553183784,0.9511372839064911,0.8997386451399083,0.9213422249010046,0.9303134610868233,0.9484392085160626,0.9189775463266828,0.7856477857464217,0.8608975862632429,0.9131997486970741,0.9399931569348722,0.9148016471062245,0.9275135059957285,0.9389290652944062,0.9145715791169933,0.9377451141956921,0.9219339321506915,0.9276951270648233,0.8904199447769204,0.9211168426078015,0.9030778002895381,0.6541629236277456,0.9821361762985363,0.8474737264075558,0.9465847721799421,0.9026392034808742,0.8788744604840482,0.8908676641832582,0.8915113156703041,0.9360809543306703,0.9107849504561346,0.8949014652742475,0.9065178112421945,0.9185443475627432,0.9060565107428415,0.9392391332580659,0.9357846583037953,0.9093847008715699,0.8147028570658198,0.8875054300741279,0.9122056927397961,0.9291717543737095,0.8936701071904497,0.9431304225516348,0.9542853058882806,0.9086628066605046,0.9354953185275268,0.9511127789046266,0.9511127789046266,0.8230440858021475,0.9541411990839563,0.8934720762672324
0.9408954473225615,0.9338548831013322,0.0,0.8825436536961018,0.9280253111266249,0.9081351933387642,0.9384074636090003,0.9596695659699002,0.9527223955280915,0.911120852366451,0.9164931207949777,0.8596660923827579,0.7469914914011262,0.9827765424789827,0.9395561649936562,0.9396381121958524,0.9521771398475001,0.9726644842405544,0.9645281277461775,0.9782668945574666,0.9729131463982004,0.8775167608912409,0.9839334067474804,0.8943594618845435,0.8901419430500201,0.8096673485532483,0.886971950659294,0.904452346490025,0.9734696936590401,0.989403878928108,0.9291584970574285,0.922175684827665,0.9708080893604464,0.9301618129407385,0.920395098470464,0.8520998078624733,0.9428241942605099,0.9739175882709408,0.9743620737369266,0.9792366081320995,0.9212851045752077,0.9699659568004019,0.9801863579723405,0.9643762399046151,0.9643599092469337,0.9424315370851817,0.9103810116395807,0.9638338133567,0.941173738457526,0.9759456448377837,0.9039727879261572,0.9128446839891065,0.9673117196484693,0.0022468235106927192,0.7440267732021459,0.7440267732021459,0.9482295441952614,0.9140279607823685,0.9079666383846717
0.8714137368373867,0.8511081852066539,0.8825436536961018,0.0,0.702528513718186,0.87648419532221,0.8991931494866529,0.9413622473957618,0.9533429592914678,0.7697405364251152,0.77551453683321,0.8069304522427777,0.726614160960114,0.9686410605365379,0.9326839820812852,0.8902903013208109,0.9096206972040058,0.9586158155261945,0.9423271837420366,0.9531920984280117,0.9614827365752634,0.7430382928739101,0.9656437453859752,0.7256640562497483,0.9010265251100333,0.85969159246085,0.9257228676867304,0.8231058581342123,0.944613521404791,0.977899631949354,0.9236785060523689,0.918080681394942,0.9467550818199963,0.8510863050249563,0.8629988331303018,0.6700903336330226,0.9193267788367159,0.9645310888953031,0.9548048661563752,0.952333480036446,0.8316017057009703,0.963090399604497,0.9669399457669205,0.9640406567022229,0.9484662169106456,0.8891906108481307,0.8508978001907856,0.9527431602068612,0.9348238817937363,0.9716690342676672,0.9402778313051765,0.929066104994666,0.9433341024436834,0.8843164170540126,0.9336612223759913,0.9336612223759913,0.9008721009177197,0.9281887146805426,0.8641032616417812
0.9379413974867528,0.9290929287669574,0.9280253111266249,0.702528513718186,0.0,0.8792988952544771,0.8905625450218396,0.9539415436934384,0.9480107594423549,0.6526183384993638,0.7909786880166284,0.8686742027614367,0.7999018517271149,0.9827358543927341,0.9429652981256327,0.9042338701769648,0.8928115089717125,0.972057703158453,0.9496048038674397,0.9616745925441464,0.97610311523712,0.7724148166458129,0.9793135332125658,0.7384705324797926,0.9201829114350886,0.8025115182496323,0.8803534936199578,0.8374770164497713,0.9415660230119681,0.9843173478375663,0.8964862410813225,0.9298931896282892,0.9615251721893658,0.8743634351412117,0.8278586963870826,0.6854700684292239,0.9435895284512025,0.9723018729964779,0.9721953480512927,0.9656875836568273,0.9414837652707249,0.9532362639957072,0.9787425967105983,0.9685805805312456,0.9693113629444289,0.8248145486165479,0.8609859959970613,0.9538496551912378,0.9342487929639971,0.9772416581266552,0.9107518097204327,0.9568551414060411,0.9657578004544373,0.9285257198936626,0.9574648072410704,0.9574648072410704,0.8245624285535696,0.9560904770745855,0.7978158026941082
0.8914517330630473,0.8836131656738027,0.9081351933387642,0.87648419532221,0.8792988952544771,0.0,0.8471808645906533,0.9074001615954657,0.8497925040243779,0.7381772192148859,0.8536696673848906,0.845310411927986,0.8779672522720666,0.9576365342801869,0.9181682784178798,0.8178603910436069,0.9124634478642106,0.945355626809428,0.9445308528241424,0.9457267718346726,0.9565479927062606,0.8324458340683126,0.9423695745228017,0.820466279168584,0.8288442250671253,0.7271186324781964,0.8404374698853774,0.8853383532449596,0.9209332669281676,0.9755897910051631,0.858934404709343,0.9285702497364104,0.9297462860583651,0.8420739936144459,0.7544231063839835,0.8226917375943679,0.8988293292444677,0.9536595728883984,0.9444436813318586,0.9380081735084232,0.8563230707458599,0.9356787632520595,0.9643435724816816,0.9453253591920269,0.924979857174359,0.7551049265232768,0.7977369735376918,0.9501979960950013,0.9429831462480339,0.9512424064506234,0.8670889984157888,0.9043327780271658,0.9457851583495445,0.9135280737063491,0.894816900056656,0.894816900056656,0.7725204681623268,0.9033519702456809,0.7750417873687024
0.7145320556044001,0.662712652394438,0.9384074636090003,0.8991931494866529,0.8905625450218396,0.8471808645906533,0.0,0.912311397647775,0.9257950825384615,0.880384243798452,0.8740255160783799,0.9161452873936053,0.9266966961176221,0.9641497598738116,0.8774001162800464,0.7862374463374169,0.9128172079317343,0.9528553014498807,0.9199767457642278,0.9575486250976967,0.951363552358362,0.8653216627582236,0.9659130326462981,0.903637760720438,0.895835106799641,0.7719172338449306,0.8651214335325602,0.88466490730579,0.7959577494539953,0.9805674083785852,0.8228179011575258,0.9256122320347697,0.9181777650638562,0.780059426584394,0.7839066990333367,0.855402940667409,0.9156621833878205,0.9358666156509905,0.9359855457422498,0.9529880804495596,0.8997855162133926,0.893826890978811,0.952727016554666,0.9293087681201881,0.9272525688017615,0.5907904980372591,0.7603412898909133,0.9161678477474916,0.9424710207710868,0.9527794265467624,0.8776669065297863,0.9339315931596271,0.9359031721224932,0.94124330461452,0.9334419273405553,0.9334419273405553,0.5942216893658455,0.9330496814051343,0.7761842870487612
0.9079593471766465,0.8948761553183784,0.9596695659699002,0.9413622473957618,0.9539415436934384,0.9074001615954657,0.912311397647775,0.0,0.941792130998161,0.9415023301282092,0.9432969503580426,0.9336092412383059,0.9422960342160014,0.7365162970091297,0.9301622458460309,0.892765076189763,0.9581298444045973,0.7586043762282517,0.6205984925691848,0.7703055599541794,0.7467263676362469,0.9125778392338555,0.8892543069434247,0.9315399922258956,0.929921663373517,0.8928239557733699,0.9183546353191557,0.6251045588297981,0.8888853379054882,0.8921315172723033,0.9421784833498488,0.9386064680639964,0.4072196942906078,0.8978977864429258,0.889414419901592,0.9264489288877106,0.933334238200468,0.5532101571758797,0.5590581106430155,0.6125102609512356,0.9058178112032389,0.7304081644145127,0.5721659825426981,0.5656552775634165,0.7013482340794577,0.918789597474185,0.8941046432151613,0.6287351123052254,0.6293911903853225,0.6817106959851584,0.9498525705224728,0.9445315138346129,0.6276893240734093,0.9631342457430455,0.916075838672028,0.916075838672028,0.9249356426384447,0.9445636712705262,0.9180824179739873
0.9590896562946892,0.9511372839064911,0.9527223955280915,0.9533429592914678,0.9480107594423549,0.8497925040243779,0.9257950825384615,0.941792130998161,0.0,0.9312630075283047,0.9282008700802998,0.8496254494191238,0.9533073843012031,0.9761010355140146,0.9265489436404671,0.9403086705633361,0.9433068961572629,0.9734388657674747,0.9630857460344124,0.9713821992612397,0.9732890324751353,0.9400257417120845,0.9780848794172007,0.9532123349572177,0.9003683026296487,0.9189296979214514,0.9117347499956979,0.9381215473720955,0.9746026747963867,0.9885391369155044,0.9196301163379396,0.964774035976127,0.968803990455148,0.9292226181078994,0.9139311550370577,0.8953172047771418,0.7099825566468926,0.9567099802377977,0.9600432982652617,0.9693123173553888,0.9321359189881003,0.9375909517203986,0.9806519437836447,0.9623330745388612,0.96110568621306,0.9015369367588837,0.9215137319773217,0.9738817998558456,0.9693054920525745,0.9771747222881388,0.8547102551103545,0.9629366445316238,0.9457506773314982,0.9567698936205412,0.956163705791194,0.956163705791194,0.9039847674567811,0.9625283637526626,0.876446090707877
0.9158064897273734,0.8997386451399083,0.911120852366451,0.7697405364251152,0.6526183384993638,0.7381772192148859,0.880384243798452,0.9415023301282092,0.9312630075283047,0.0,0.8327327542173435,0.8227587307865202,0.8485892418738952,0.9676628610930539,0.9297423654409898,0.8801037500543535,0.906811958554462,0.957616722313921,0.939450161265724,0.9485771020033682,0.9650793343906385,0.7941832656729149,0.9281678543437247,0.7580691296731041,0.8827411204556933,0.8315500595194577,0.894466804563206,0.8795204472876065,0.933861848266064,0.9788286293514147,0.8911027687896089,0.9388504583634378,0.9424034130796104,0.887992003316256,0.7964166194081768,0.7393379241889496,0.9479447253928415,0.9702852156840036,0.9596937064095469,0.9509798237144788,0.9006291418042714,0.960835097145652,0.9686533548057995,0.961414881554423,0.9444777790482025,0.8388884512111563,0.803664069915245,0.948968234044784,0.9297818636669831,0.9730957487446521,0.8942137396691773,0.9451050655419648,0.9542016591783925,0.912499880685736,0.9287312994887139,0.9287312994887139,0.8615151083057748,0.9442442150737624,0.8112178005974571
0.9273896505460462,0.9213422249010046,0.9164931207949777,0.77551453683321,0.7909786880166284,0.8536696673848906,0.8740255160783799,0.9432969503580426,0.9282008700802998,0.8327327542173435,0.0,0.6959516777261706,0.7184211505251017,0.9774036109663307,0.9360702729772793,0.9240862053853831,0.761421223444655,0.9597503612105696,0.9540435892988096,0.9620349476683163,0.9698992055144384,0.827137936579359,0.9744101514161012,0.7627056960623921,0.8968542974122171,0.695636532893747,0.9205016566942115,0.8691012818272013,0.9466093002390265,0.9848058908004628,0.9290073109382385,0.9183975952095577,0.95765081042868,0.8938228289132769,0.8734391125376656,0.7215447859078685,0.9279281660873936,0.9679079256790687,0.9654227499945431,0.9579098250246839,0.8886577026237539,0.9599677904470525,0.9707091607138735,0.9693101838983748,0.9644590553772724,0.8991388395882338,0.9108573454448338,0.9689153647628875,0.9443169789452461,0.9647693295928449,0.9447529743710457,0.9406650841361007,0.9604364288174122,0.9196100528246413,0.8857664780377269,0.8857664780377269,0.9023975326033425,0.9400271422488734,0.8760000804875824
0.9280643652749729,0.9303134610868233,0.8596660923827579,0.8069304522427777,0.8686742027614367,0.845310411927986,0.9161452873936053,0.9336092412383059,0.8496254494191238,0.8227587307865202,0.6959516777261706,0.0,0.5953935221001232,0.9796906138720013,0.9365639763367994,0.9192736635494665,0.9301450944103878,0.9576513389575303,0.9415137678829508,0.949325111525958,0.963785736132969,0.8510992931362924,0.9605455909820693,0.7848289172118307,0.8530956913888383,0.7290786018699759,0.9191991088211483,0.8607950450245868,0.9552733398209896,0.9851985154973655,0.9334623514339119,0.9110012166211741,0.9493176695346188,0.8899083205211138,0.9030337640086857,0.7670224478723335,0.9153263233925946,0.9562308947238015,0.9543819179354652,0.9518952868760625,0.8657419832035494,0.9670264235460606,0.9654050721902075,0.9647133704953165,0.9628195037692949,0.8909291869948811,0.8639115973978833,0.9631511026501489,0.9277589304703744,0.9667072382663244,0.8918769983249236,0.9582349053995398,0.9476879957396253,0.8619871196932094,0.8984971907030285,0.8984971907030285,0.9081213151377254,0.9576507631213698,0.7721864328365082
0.9564872850154091,0.9484392085160626,0.7469914914011262,0.726614160960114,0.7999018517271149,0.8779672522720666,0.9266966961176221,0.9422960342160014,0.9533073843012031,0.8485892418738952,0.7184211505251017,0.5953935221001232,0.0,0.9757347872867062,0.9569286784711791,0.9118096719607562,0.9458292392815015,0.9759455656109183,0.9607096522484656,0.9731360441632246,0.9769361767423536,0.7846384692278536,0.9828113546147719,0.6817248718395448,0.8685990954032247,0.7589955623464875,0.9378224630639401,0.8589193235197405,0.9629726944234955,0.9878855254392669,0.9344596352462933,0.9373332506091696,0.9683883820269829,0.9077634541676739,0.9048875466076243,0.7046960302363776,0.9100440559912583,0.9698814640807356,0.9707415119445683,0.9748582149530594,0.8775308370387604,0.9681237901951031,0.9782001555420685,0.9667585266016079,0.9634194191550448,0.9096077473783792,0.8813823580417631,0.9686661617586092,0.9454972749884166,0.9699684265093931,0.9439955422299374,0.9404264378445832,0.9619399476164977,0.747972007894295,0.8892799555555724,0.8892799555555724,0.9120693375203748,0.9395049505460064,0.8668554552295721
0.8749227207335243,0.9189775463266828,0.9827765424789827,0.9686410605365379,0.9827358543927341,0.9576365342801869,0.9641497598738116,0.7365162970091297,0.9761010355140146,0.9676628610930539,0.9774036109663307,0.9796906138720013,0.9757347872867062,0.0,0.9779441588758702,0.9425902013033736,0.970608175839316,0.767068225614851,0.6398387310967427,0.8489692857433296,0.6364380308939483,0.9646334780638292,0.8228513649041532,0.9625614733738161,0.9687916741903986,0.956666551449683,0.9633011710488837,0.791929853374397,0.8314578216658645,0.8984444352987304,0.9751933508114726,0.9666100700881767,0.7445605970936486,0.9603525224075836,0.9538736567235,0.9657551532373403,0.9695059578926494,0.38459187207331114,0.32856770751640585,0.6613240083554062,0.9508613578296494,0.7531372127377233,0.7776512329188124,0.6169727651355537,0.38821631203063167,0.966708189485005,0.9428809268592492,0.8195585881577655,0.8283224816759646,0.5044441989058914,0.979816471966132,0.9739118983419437,0.6199898569528892,0.9836466402732528,0.9745562340512373,0.9745562340512373,0.9695139562461779,0.9737672562772944,0.964095157666192
0.797372741356037,0.7856477857464217,0.9395561649936562,0.9326839820812852,0.9429652981256327,0.9181682784178798,0.8774001162800464,0.9301622458460309,0.9265489436404671,0.9297423654409898,0.9360702729772793,0.9365639763367994,0.9569286784711791,0.9779441588758702,0.0,0.9212960846848166,0.8915885604653627,0.9589642210028422,0.952980265667261,0.9471846834782416,0.9635753129374437,0.9506437971334502,0.9658582111309907,0.8979337217302188,0.9294058128470075,0.9099441001392304,0.9489623606264423,0.9035138894683332,0.9178121275384152,0.9812271273183044,0.8940920990241343,0.9384617905526513,0.9486081343813999,0.9262937312613772,0.8987261123487333,0.900985992689909,0.923472748853317,0.9521177397144811,0.9274360668480229,0.9584817392842168,0.9271452413896258,0.957941321688296,0.9679615547160324,0.9425764153599805,0.9547826774749364,0.9113909837889138,0.917947110897949,0.9269038423142981,0.9465124755925295,0.9730234102802282,0.9490770267405214,0.9646000406413662,0.955492925990439,0.940321328120256,0.9343887083185826,0.9343887083185826,0.9250727066160841,0.9642002803162341,0.9287346675445396
0.8718572115388744,0.8608975862632429,0.9396381121958524,0.8902903013208109,0.9042338701769648,0.8178603910436069,0.7862374463374169,0.892765076189763,0.9403086705633361,0.8801037500543535,0.9240862053853831,0.9192736635494665,0.9118096719607562,0.9425902013033736,0.9212960846848166,0.0,0.9141675551967585,0.8956752906338278,0.8809091752289867,0.929396146688519,0.8870931172105853,0.7410017406888474,0.9602141020102244,0.8299967409912367,0.8467879449765418,0.7255367965325903,0.7567676833609631,0.8348188029393436,0.8612705984930827,0.9582928136149197,0.8760909180812657,0.877643083149154,0.8639789816123984,0.810706833600219,0.7726957301757694,0.8649977212618758,0.9328200347222257,0.90415087062483,0.8938510168197058,0.8885412971577102,0.8654544587842592,0.9051507402328354,0.9405626243154658,0.885218469610097,0.9171643558475561,0.7768065099858857,0.5511285849090293,0.8940070803954704,0.9090787881265511,0.9368641974749222,0.8962846827935076,0.89551118541938,0.9028165325329975,0.9437161755871112,0.9248386809426942,0.9248386809426942,0.7881538761646634,0.8944865289682731,0.8033998222876658
0.925865997595554,0.9131997486970741,0.9521771398475001,0.9096206972040058,0.8928115089717125,0.9124634478642106,0.9128172079317343,0.9581298444045973,0.9433068961572629,0.906811958554462,0.761421223444655,0.9301450944103878,0.9458292392815015,0.970608175839316,0.8915885604653627,0.9141675551967585,0.0,0.9588006083156724,0.9516655970536371,0.9573847393224131,0.9619751929388044,0.9226523347596115,0.9639070267998063,0.9262034756955607,0.9228337513916106,0.8461409993239573,0.9417449518545988,0.9036895120843814,0.9421923349574661,0.9868881087747703,0.9261748259913266,0.9614318780818574,0.956872969544066,0.9085313791505211,0.8019459619602131,0.7002242228358813,0.9392192335027145,0.9623122594778878,0.9644468095283775,0.9456895096429024,0.9346330118216146,0.9650309824381257,0.9770509748610249,0.9675726923708822,0.9624816641280826,0.8883033133524727,0.8739625387363267,0.9541351023017585,0.9596511309879288,0.976012644156851,0.9498329631808589,0.9577700081758411,0.9574223556778296,0.9536698437613305,0.9525152509464028,0.9525152509464028,0.8949061926383836,0.9570215581978381,0.8998196435294128
0.9303254389605382,0.9399931569348722,0.9726644842405544,0.9586158155261945,0.972057703158453,0.945355626809428,0.9528553014498807,0.7586043762282517,0.9734388657674747,0.957616722313921,0.9597503612105696,0.9576513389575303,0.9759455656109183,0.767068225614851,0.9589642210028422,0.8956752906338278,0.9588006083156724,0.0,0.49043570217994314,0.5061021113377191,0.652553155032898,0.9439820703505244,0.8891555174478452,0.9356253364031144,0.948990766309405,0.9375913885016037,0.955462114642667,0.7589296080202459,0.9123505135941895,0.9353473115250079,0.9549004839504354,0.9477430912980459,0.7320519152521455,0.9187805173844759,0.9171257245294855,0.9350859007994722,0.9494603931936769,0.6426955110556508,0.6326763955575894,0.6849043967732176,0.9396792603024903,0.8461634702174519,0.7854187948882381,0.6725417291553311,0.7553801938935576,0.947955760518239,0.9003870141808047,0.6636049094769185,0.6779351761515817,0.7113467143448857,0.9693378958074632,0.949673328371474,0.6884036702045542,0.9740557238613886,0.9637774133485648,0.9637774133485648,0.9565300578350839,0.9595669972290694,0.9547798984314659
0.8987097564653189,0.9148016471062245,0.9645281277461775,0.9423271837420366,0.9496048038674397,0.9445308528241424,0.9199767457642278,0.6205984925691848,0.9630857460344124,0.939450161265724,0.9540435892988096,0.9415137678829508,0.9607096522484656,0.6398387310967427,0.952980265667261,0.8809091752289867,0.9516655970536371,0.49043570217994314,0.0,0.5421645796578751,0.6138674269032679,0.9238593541877447,0.7038946270054899,0.9395354036059744,0.9414300899776263,0.921478588593887,0.9366910743599683,0.6922701093549053,0.8916156375001422,0.9128717117133691,0.9410548741819238,0.948920967552583,0.6039438162801734,0.9169589637084345,0.9081916533273203,0.9314701425458211,0.9364221161909049,0.5150084014604899,0.46298309109881164,0.6028038278362406,0.9315147994156572,0.810915871703971,0.7010550926127248,0.5578448192555592,0.6089800700325644,0.9057413053133581,0.8917202426516365,0.6125837647607535,0.6285492400752193,0.6606955181106955,0.955191049952535,0.957232493163041,0.5913975447888428,0.9661046036861541,0.9568514567357812,0.9568514567357812,0.9104073510832319,0.9578314303605466,0.8971332889849039
0.9007455938043928,0.9275135059957285,0.9782668945574666,0.9531920984280117,0.9616745925441464,0.9457267718346726,0.9575486250976967,0.7703055599541794,0.9713821992612397,0.9485771020033682,0.9620349476683163,0.949325111525958,0.9731360441632246,0.8489692857433296,0.9471846834782416,0.929396146688519,0.9573847393224131,0.5061021113377191,0.5421645796578751,0.0,0.710569574960835,0.9421373259354487,0.8773032565007675,0.9492503984597734,0.953264011624558,0.9442284266797458,0.9706586891811145,0.7853480952870686,0.8984841867676544,0.9547962527082733,0.9579864995695213,0.9689309530355195,0.7695147249001137,0.9485063654509625,0.9254113232915429,0.9351360457160425,0.9475558288026578,0.7218914137197925,0.7146180047980678,0.6820599366532745,0.9572271964850964,0.894450624376171,0.790489471008742,0.7401680933289015,0.8381623049869982,0.9552323840070815,0.9067010584386542,0.723008585025187,0.7205900290132796,0.8020982567997625,0.9703331383194232,0.9764589517643476,0.7635178106655054,0.9794138045653367,0.9695326683108098,0.9695326683108098,0.962604642098253,0.9770158611537486,0.9504849325086254
0.9270098358723469,0.9389290652944062,0.9729131463982004,0.9614827365752634,0.97610311523712,0.9565479927062606,0.951363552358362,0.7467263676362469,0.9732890324751353,0.9650793343906385,0.9698992055144384,0.963785736132969,0.9769361767423536,0.6364380308939483,0.9635753129374437,0.8870931172105853,0.9619751929388044,0.652553155032898,0.6138674269032679,0.710569574960835,0.0,0.9411542723069235,0.8632502235873766,0.9528285131149906,0.9562940886706375,0.936345500634398,0.9490127315725486,0.6079319476971642,0.9172586193925417,0.926366314699916,0.9655773250554863,0.9416538044219522,0.7080716217290401,0.9319391925489,0.9520468177966994,0.951325798849175,0.9660130222944588,0.48014033944963086,0.509228625310443,0.6294362689411505,0.9523472791173905,0.8936514763631173,0.7699373290575371,0.5676712614795738,0.6545320555497169,0.9461861574749011,0.8944807769991254,0.7140322640887271,0.7334739174648798,0.587283098410625,0.9675714497385876,0.9638917228510615,0.5682467619772908,0.9750776389404281,0.9697603427362393,0.9697603427362393,0.9548805304908465,0.9644395734413581,0.95577514949324
0.9226244893113367,0.9145715791169933,0.8775167608912409,0.7430382928739101,0.7724148166458129,0.8324458340683126,0.8653216627582236,0.9125778392338555,0.9400257417120845,0.7941832656729149,0.827137936579359,0.8510992931362924,0.7846384692278536,0.9646334780638292,0.9506437971334502,0.7410017406888474,0.9226523347596115,0.9439820703505244,0.9238593541877447,0.9421373259354487,0.9411542723069235,0.0,0.9661300773957291,0.7643419727821132,0.8759826467493028,0.8051684733312314,0.8804545130287696,0.8331362442033411,0.925215809402931,0.9756298620301128,0.8810709539956549,0.914233718199402,0.9111037433464831,0.813160999050167,0.8134354296521451,0.7257722144249015,0.9123075871733337,0.9385525642252499,0.9365378210694232,0.9333738247259543,0.8951909452305072,0.9241701074960292,0.959981652779178,0.9318815095251008,0.9353950544483696,0.8213681739771999,0.771967227845088,0.9454057629724948,0.9282701679875497,0.9576746154634198,0.9258235145553504,0.9423092058415241,0.9396304190260971,0.879211328271911,0.9039436179232759,0.9039436179232759,0.8326758215523341,0.9412867411960492,0.8327687956745045
0.9148450766253797,0.9377451141956921,0.9839334067474804,0.9656437453859752,0.9793135332125658,0.9423695745228017,0.9659130326462981,0.8892543069434247,0.9780848794172007,0.9281678543437247,0.9744101514161012,0.9605455909820693,0.9828113546147719,0.8228513649041532,0.9658582111309907,0.9602141020102244,0.9639070267998063,0.8891555174478452,0.7038946270054899,0.8773032565007675,0.8632502235873766,0.9661300773957291,0.0,0.9609823571520328,0.9553352332853987,0.9592389617035616,0.9710962194288377,0.9029584159262077,0.8839895249612848,0.9078496695264361,0.9714967640543974,0.9661604344676772,0.7935636317133117,0.9645625658958893,0.9316289062180821,0.9493191708322577,0.970546336997025,0.796963744554932,0.7545355469248223,0.8613424953203997,0.9666970806333921,0.9372228208271263,0.8832860653399135,0.8269263780580713,0.7737706294730253,0.9612511988652936,0.945241013047755,0.9125777598309478,0.8827342221324456,0.8480237513034776,0.9745238984149389,0.9797298363807004,0.7763026859866977,0.9845060821348308,0.9769645109392782,0.9769645109392782,0.9676524606781315,0.9793928552938862,0.9629211570892201
0.9180773212323123,0.9219339321506915,0.8943594618845435,0.7256640562497483,0.7384705324797926,0.820466279168584,0.903637760720438,0.9315399922258956,0.9532123349572177,0.7580691296731041,0.7627056960623921,0.7848289172118307,0.6817248718395448,0.9625614733738161,0.8979337217302188,0.8299967409912367,0.9262034756955607,0.9356253364031144,0.9395354036059744,0.9492503984597734,0.9528285131149906,0.7643419727821132,0.9609823571520328,0.0,0.8647670320986479,0.7270554947834005,0.8594370464026234,0.8270000898207182,0.912961246208175,0.9812049400507599,0.8816010370053504,0.896625494446479,0.9531664902945394,0.9094082992914887,0.8421213867691562,0.7109890600724291,0.9284219842980675,0.9334058173824775,0.9270673372728522,0.954694241355236,0.8083763864373749,0.9466685290504154,0.9662687258504398,0.9520202511253826,0.9435539963462324,0.8425118777060026,0.796817151139885,0.9449019859217013,0.9323221962626458,0.9609426237994878,0.9154891669368282,0.899524488604734,0.9496290156115437,0.8963601758671621,0.8892385067027926,0.8892385067027926,0.8432931876657819,0.8999476237335212,0.8729378250158603
0.9378037839817661,0.9276951270648233,0.8901419430500201,0.9010265251100333,0.9201829114350886,0.8288442250671253,0.895835106799641,0.929921663373517,0.9003683026296487,0.8827411204556933,0.8968542974122171,0.8530956913888383,0.8685990954032247,0.9687916741903986,0.9294058128470075,0.8467879449765418,0.9228337513916106,0.948990766309405,0.9414300899776263,0.953264011624558,0.9562940886706375,0.8759826467493028,0.9553352332853987,0.8647670320986479,0.0,0.8171764042362217,0.6936241447634648,0.896194804180441,0.9355786640924377,0.9775245569348409,0.8631059880187645,0.899100146706131,0.9441050111361761,0.8799132176379629,0.8308393635607825,0.8406921935449877,0.9304844364172199,0.9556880677863704,0.9463281205230167,0.954009454468604,0.830951178672357,0.9487932373474233,0.9716394468701788,0.9558901705301291,0.9467390980382017,0.8559662584434784,0.7922544930440472,0.9552178293597149,0.9504477313670239,0.9612631280213357,0.6515489974323232,0.8117794972175814,0.9425762181140155,0.8937982824244135,0.8037630587191504,0.8037630587191504,0.8703894978593862,0.8110019897592243,0.8661671393007648
0.8970517299387316,0.8904199447769204,0.8096673485532483,0.85969159246085,0.8025115182496323,0.7271186324781964,0.7719172338449306,0.8928239557733699,0.9189296979214514,0.8315500595194577,0.695636532893747,0.7290786018699759,0.7589955623464875,0.956666551449683,0.9099441001392304,0.7255367965325903,0.8461409993239573,0.9375913885016037,0.921478588593887,0.9442284266797458,0.936345500634398,0.8051684733312314,0.9592389617035616,0.7270554947834005,0.8171764042362217,0.0,0.6739068492029188,0.8666548976377453,0.9001518745779653,0.9711749855910142,0.8230348442714175,0.8214682984748971,0.9005198930792402,0.7996199987294155,0.7065747346926529,0.7658170660512229,0.8981080165603906,0.9188486779055839,0.9267003488685794,0.9390512662954974,0.7971344905036486,0.9202555291649489,0.9548181758726991,0.9316154011829574,0.9164197485858098,0.7243190446106265,0.6681527428235472,0.9036519365532645,0.935714021810811,0.9380358427345601,0.7917366227033361,0.8570711058469952,0.9258439831173346,0.8180087536946293,0.7480545282010893,0.7480545282010893,0.745506074765331,0.8547938345522188,0.7571912937180415
0.9296688403612813,0.9211168426078015,0.886971950659294,0.9257228676867304,0.8803534936199578,0.8404374698853774,0.8651214335325602,0.9183546353191557,0.9117347499956979,0.894466804563206,0.9205016566942115,0.9191991088211483,0.9378224630639401,0.9633011710488837,0.9489623606264423,0.7567676833609631,0.9417449518545988,0.955462114642667,0.9366910743599683,0.9706586891811145,0.9490127315725486,0.8804545130287696,0.9710962194288377,0.8594370464026234,0.6936241447634648,0.6739068492029188,0.0,0.887321602995033,0.9368171131878497,0.9680791026188631,0.8566163241721858,0.8718310918056166,0.9258139612658626,0.8485047543568234,0.8131969407050759,0.8549333634870562,0.9397700369779094,0.9439887876959683,0.9485118374715852,0.9498849848255179,0.6347237774906536,0.9338990069528615,0.9648906703798626,0.9397847728094088,0.9361001185135647,0.8227192806476629,0.718229142960656,0.9267151520805434,0.9335152664906876,0.9424575866274041,0.6757562184361463,0.5881055961041792,0.9341933482472771,0.8924312475320394,0.8381287362549994,0.8381287362549994,0.8364085959572802,0.5892367088486601,0.8117856220100874
0.8986299197990136,0.9030778002895381,0.904452346490025,0.8231058581342123,0.8374770164497713,0.8853383532449596,0.88466490730579,0.6251045588297981,0.9381215473720955,0.8795204472876065,0.8691012818272013,0.8607950450245868,0.8589193235197405,0.791929853374397,0.9035138894683332,0.8348188029393436,0.9036895120843814,0.7589296080202459,0.6922701093549053,0.7853480952870686,0.6079319476971642,0.8331362442033411,0.9029584159262077,0.8270000898207182,0.896194804180441,0.8666548976377453,0.887321602995033,0.0,0.8767773910632122,0.9398863372371495,0.9032950828564635,0.9266718871833144,0.6599297038724592,0.8517315445178494,0.8522232479117267,0.7881521368915861,0.9137378259281795,0.6706621437621129,0.6362886561476785,0.7110642629558009,0.8920382044402625,0.830131747791016,0.7365479835216749,0.6680415398895394,0.7653321115127446,0.84776953664548,0.8264848823700053,0.6694559657035883,0.6721192314988462,0.7350059321839131,0.9204200023719835,0.9310294648827654,0.7000454689639877,0.9070503312490562,0.9156091945965581,0.9156091945965581,0.8617467591550285,0.9310629974685798,0.8395529178231524
0.5314561864319541,0.6541629236277456,0.9734696936590401,0.944613521404791,0.9415660230119681,0.9209332669281676,0.7959577494539953,0.8888853379054882,0.9746026747963867,0.933861848266064,0.9466093002390265,0.9552733398209896,0.9629726944234955,0.8314578216658645,0.9178121275384152,0.8612705984930827,0.9421923349574661,0.9123505135941895,0.8916156375001422,0.8984841867676544,0.9172586193925417,0.925215809402931,0.8839895249612848,0.912961246208175,0.9355786640924377,0.9001518745779653,0.9368171131878497,0.8767773910632122,0.0,0.9819424261045487,0.9261887732732839,0.9403975891372033,0.8706782970863363,0.9223418200110128,0.9065566429340407,0.9380410573562209,0.9371394168524989,0.7768942264965755,0.7585089405043509,0.8343002047758743,0.9463983044496638,0.88297706868562,0.9354893487410989,0.908496376794002,0.8678508191134154,0.8268064340414287,0.8993582612353039,0.9032452533828734,0.9175649578000143,0.6769986635276981,0.9577103600431569,0.9616877925942464,0.8000462664439969,0.9759701090242505,0.9462385120579428,0.9462385120579428,0.8203875292913414,0.96176107085528,0.9118726170079646
0.9795825967487608,0.9821361762985363,0.989403878928108,0.977899631949354,0.9843173478375663,0.9755897910051631,0.9805674083785852,0.8921315172723033,0.9885391369155044,0.9788286293514147,0.9848058908004628,0.9851985154973655,0.9878855254392669,0.8984444352987304,0.9812271273183044,0.9582928136149197,0.9868881087747703,0.9353473115250079,0.9128717117133691,0.9547962527082733,0.926366314699916,0.9756298620301128,0.9078496695264361,0.9812049400507599,0.9775245569348409,0.9711749855910142,0.9680791026188631,0.9398863372371495,0.9819424261045487,0.0,0.9824102617318237,0.9768757737675042,0.7909200370985002,0.9753098955355186,0.9636747032346157,0.9814453166356414,0.9790257275528226,0.8495640679475074,0.8598412084916061,0.9311396354162825,0.9786293987348176,0.962316793955297,0.8958143229734332,0.7946382022673284,0.8368401531979303,0.9816170608301924,0.9473997199008206,0.957944233985515,0.9422389134559285,0.880607866737036,0.9870995396486248,0.983021031110887,0.8223274924658439,0.9899355855468618,0.9748963403648572,0.9748963403648572,0.9851836316322805,0.9833448823623318,0.9833205780364502
0.86234979339317,0.8474737264075558,0.9291584970574285,0.9236785060523689,0.8964862410813225,0.858934404709343,0.8228179011575258,0.9421784833498488,0.9196301163379396,0.8911027687896089,0.9290073109382385,0.9334623514339119,0.9344596352462933,0.9751933508114726,0.8940920990241343,0.8760909180812657,0.9261748259913266,0.9549004839504354,0.9410548741819238,0.9579864995695213,0.9655773250554863,0.8810709539956549,0.9714967640543974,0.8816010370053504,0.8631059880187645,0.8230348442714175,0.8566163241721858,0.9032950828564635,0.9261887732732839,0.9824102617318237,0.0,0.9508465830429811,0.9453232914145611,0.8459452134478861,0.8234152689595474,0.8312193817267075,0.9427225786562959,0.9575712314343789,0.9572308518075868,0.9677110023400368,0.8664119044944265,0.9253866125303609,0.9737551462943146,0.951145494528942,0.9515943831470252,0.7893897017375291,0.8087326240085599,0.9343632619654756,0.9562646657815642,0.970355940416406,0.8522695835117666,0.924171601318224,0.9371574003946223,0.9301851400794422,0.9466848872726835,0.9466848872726835,0.7946777210677729,0.9231841476474486,0.7796790703048558
0.9393570585869366,0.9465847721799421,0.922175684827665,0.918080681394942,0.9298931896282892,0.9285702497364104,0.9256122320347697,0.9386064680639964,0.964774035976127,0.9388504583634378,0.9183975952095577,0.9110012166211741,0.9373332506091696,0.9666100700881767,0.9384617905526513,0.877643083149154,0.9614318780818574,0.9477430912980459,0.948920967552583,0.9689309530355195,0.9416538044219522,0.914233718199402,0.9661604344676772,0.896625494446479,0.899100146706131,0.8214682984748971,0.8718310918056166,0.9266718871833144,0.9403975891372033,0.9768757737675042,0.9508465830429811,0.0,0.9392109717116803,0.9451844183413809,0.9303846335172358,0.9207647644098766,0.943146011328159,0.9318346298722765,0.947258635019207,0.926663388765224,0.9186060163720285,0.9589824842003576,0.9572309365943544,0.9489067262315445,0.9529960425995689,0.9439501421874452,0.896947489017956,0.9548885559157688,0.9495010432511675,0.9526213692974695,0.9492640753301087,0.8626395848581275,0.9450799864641944,0.9228513498833466,0.9242838598671907,0.9242838598671907,0.9449127081834634,0.8602358596875418,0.9245177123711484
0.9088472443383532,0.9026392034808742,0.9708080893604464,0.9467550818199963,0.9615251721893658,0.9297462860583651,0.9181777650638562,0.4072196942906078,0.968803990455148,0.9424034130796104,0.95765081042868,0.9493176695346188,0.9683883820269829,0.7445605970936486,0.9486081343813999,0.8639789816123984,0.956872969544066,0.7320519152521455,0.6039438162801734,0.7695147249001137,0.7080716217290401,0.9111037433464831,0.7935636317133117,0.9531664902945394,0.9441050111361761,0.9005198930792402,0.9258139612658626,0.6599297038724592,0.8706782970863363,0.7909200370985002,0.9453232914145611,0.9392109717116803,0.0,0.8944974483144705,0.8939158619891929,0.9272325106629,0.9436078878322391,0.5599610610683388,0.5517694656461589,0.6100348181251811,0.9018208685315051,0.7922851372648001,0.5817619603498773,0.5301059047335377,0.6419614031108498,0.9172106177422515,0.8392721369521278,0.6194431712419302,0.6442938564231296,0.6128709358257667,0.9530605548265793,0.9542679794330688,0.49795185875995984,0.9731533126682064,0.944819711008003,0.944819711008003,0.9268951794364673,0.9538439066124598,0.9357904770128103
0.8971545350588253,0.8788744604840482,0.9301618129407385,0.8510863050249563,0.8743634351412117,0.8420739936144459,0.780059426584394,0.8978977864429258,0.9292226181078994,0.887992003316256,0.8938228289132769,0.8899083205211138,0.9077634541676739,0.9603525224075836,0.9262937312613772,0.810706833600219,0.9085313791505211,0.9187805173844759,0.9169589637084345,0.9485063654509625,0.9319391925489,0.813160999050167,0.9645625658958893,0.9094082992914887,0.8799132176379629,0.7996199987294155,0.8485047543568234,0.8517315445178494,0.9223418200110128,0.9753098955355186,0.8459452134478861,0.9451844183413809,0.8944974483144705,0.0,0.8063668257395624,0.8242143782184707,0.921400936786571,0.9381933173283953,0.9045369212878962,0.9245085071765526,0.8921811510197571,0.859553518559877,0.9598825700234401,0.9246053309553336,0.9174349099799809,0.7606163566759343,0.762297408857159,0.936926847580654,0.936554273699561,0.9549964170604788,0.8661685965500245,0.9421652046398115,0.9224800048445462,0.9324732344350679,0.9322492320626146,0.9322492320626146,0.7782335669217877,0.9412307610463293,0.8043717963543083
0.9012158370879129,0.8908676641832582,0.920395098470464,0.8629988331303018,0.8278586963870826,0.7544231063839835,0.7839066990333367,0.889414419901592,0.9139311550370577,0.7964166194081768,0.8734391125376656,0.9030337640086857,0.9048875466076243,0.9538736567235,0.8987261123487333,0.7726957301757694,0.8019459619602131,0.9171257245294855,0.9081916533273203,0.9254113232915429,0.9520468177966994,0.8134354296521451,0.9316289062180821,0.8421213867691562,0.8308393635607825,0.7065747346926529,0.8131969407050759,0.8522232479117267,0.9065566429340407,0.9636747032346157,0.8234152689595474,0.9303846335172358,0.8939158619891929,0.8063668257395624,0.0,0.7728632983817985,0.8757766040197175,0.9372439880232741,0.935711743744316,0.9305490929674646,0.8629005305704792,0.9111654971303821,0.948452246777111,0.9297996415896262,0.9124417745670285,0.7111102598076462,0.7020305981911455,0.8916327581621355,0.8790512786274385,0.9606272728412034,0.8647155083955287,0.9053126287250818,0.9243491195913484,0.9246047385577281,0.9127456569662455,0.9127456569662455,0.73321146545137,0.9037172132642654,0.7540940576878978
0.912235728126907,0.8915113156703041,0.8520998078624733,0.6700903336330226,0.6854700684292239,0.8226917375943679,0.855402940667409,0.9264489288877106,0.8953172047771418,0.7393379241889496,0.7215447859078685,0.7670224478723335,0.7046960302363776,0.9657551532373403,0.900985992689909,0.8649977212618758,0.7002242228358813,0.9350859007994722,0.9314701425458211,0.9351360457160425,0.951325798849175,0.7257722144249015,0.9493191708322577,0.7109890600724291,0.8406921935449877,0.7658170660512229,0.8549333634870562,0.7881521368915861,0.9380410573562209,0.9814453166356414,0.8312193817267075,0.9207647644098766,0.9272325106629,0.8242143782184707,0.7728632983817985,0.0,0.8889474414879415,0.957193890891453,0.9293258203363571,0.923970071454056,0.872509677353583,0.936284404329682,0.9652481736787142,0.9488548443708348,0.9286348825793885,0.7947448355249178,0.7686338324573073,0.942302441299756,0.9197318492078898,0.9565132858712029,0.8370384996280138,0.9180562093945601,0.9283703396153956,0.8537653290283703,0.9104855503099126,0.9104855503099126,0.8116880080716629,0.9169609238649506,0.7960084531285183
