0.0,0.6744715055094493,0.8265583984902325,0.8831064059646626,0.8368881771027791,0.8779474226201261,0.8892823338403981,0.7967628381703613,0.900053276940985,0.8467120329844365,0.8161994482292938,0.8757965901027047,0.8610723352698461,0.9231830205093186,0.9160917468067059,0.6061353104099889,0.9232238259075485,0.9071984392258342,0.8414430263720188,0.6631226792898819,0.8709045368643746,0.5577045580883468,0.8408360878989223,0.8848949055256252,0.8550047812591679,0.8904625765409586,0.8559136919674297,0.9036654535849201,0.8324331780893774,0.8859677368262784
0.6744715055094493,0.0,0.8655890071428253,0.8380199144714946,0.9086647447181857,0.8955796353226562,0.8258771412407631,0.7383021384220235,0.8788575990870684,0.8743998628988419,0.9056750914602343,0.9383584172443864,0.9200490918038647,0.903234134911525,0.830968166553639,0.6812933263526485,0.8887083984380076,0.895475085596898,0.8168908276978976,0.7624872991052078,0.783487264153063,0.6998417061697939,0.7536447925803482,0.8305422231209195,0.878702452914614,0.871874816682443,0.862291721127717,0.937664350053089,0.8356519385415173,0.7745925828466921
0.8265583984902325,0.8655890071428253,0.0,0.5050838985159961,0.5727659722665276,0.5210681090060876,0.6747795395836615,0.776256540851178,0.856106660986072,0.7728957916696578,0.7778757859508949,0.6597155559804815,0.7228143831878575,0.530334667529073,0.7681438772562411,0.5664614942148247,0.8286232568427512,0.7287543298609733,0.8196043157704743,0.6990654770018796,0.7172238414174876,0.6020397117272276,0.801989095442412,0.6265593125800979,0.7271163833300934,0.6891638214489026,0.5529106676450872,0.8107842286580613,0.753653278645198,0.8396475994295052
0.8831064059646626,0.8380199144714946,0.5050838985159961,0.0,0.47318293682216017,0.38800673610319647,0.51675260830475,0.6324534850067762,0.7619907530268403,0.7095113294554249,0.7599896276038797,0.6306926790753111,0.7021531945921365,0.3754808311769141,0.7757684864926884,0.6161628517188187,0.7067043779720014,0.5736775579649477,0.8699885705953837,0.7946515150312726,0.7258933313251317,0.7394445938612759,0.7702417397447969,0.5132122776222781,0.6889351059252427,0.5433261584503624,0.45669789333814104,0.7445316257497498,0.6859314646835706,0.7254645127235853
0.8368881771027791,0.9086647447181857,0.5727659722665276,0.47318293682216017,0.0,0.34106920507157246,0.5987558747673942,0.7750479255787436,0.7815542834892221,0.7109461154336958,0.652904018422761,0.6216884331572732,0.6399727068643507,0.4196140582070721,0.8207728301207555,0.5200014972915274,0.8420163448395184,0.6447528960072999,0.9044443071474704,0.7069474031222458,0.807545549583392,0.6561016675845541,0.8247152935839741,0.497403357878202,0.6996941152661249,0.6058389335761521,0.5166728934483613,0.7825192338667153,0.8028944902643396,0.7994281554379913
0.8779474226201261,0.8955796353226562,0.5210681090060876,0.38800673610319647,0.34106920507157246,0.0,0.5611643877839132,0.8118525220010755,0.8087859467829025,0.7629866785827942,0.769499499597585,0.5703962467283576,0.6831286623902676,0.3013428682961129,0.8231887897037797,0.6134067547858479,0.7973685197009351,0.5686755488011523,0.8770007224326504,0.779376844432912,0.783941234414363,0.7400734451515583,0.8225658757757758,0.5051856529368794,0.6393401611949329,0.5288321573686136,0.4967198391923954,0.7240119644930423,0.8407717409526582,0.8193056273618784
0.8892823338403981,0.8258771412407631,0.6747795395836615,0.51675260830475,0.5987558747673942,0.5611643877839132,0.0,0.6775030958855052,0.7599452954985947,0.7213574848373334,0.7318203276096132,0.7642325857525072,0.757327011400657,0.587946407181638,0.6845883486459858,0.7374215718802257,0.6987776758054922,0.6651501495491945,0.869021238802006,0.8182530080934888,0.6441201391817117,0.7742271845024102,0.7732607553704629,0.5767676510400026,0.7822937197922675,0.609700949477554,0.6049470219522514,0.7952907319581846,0.7866962174297827,0.7675784995007134
0.7967628381703613,0.7383021384220235,0.776256540851178,0.6324534850067762,0.7750479255787436,0.8118525220010755,0.6775030958855052,0.0,0.7622177389052631,0.7056762092855631,0.7700038824502773,0.9143998513739531,0.8652036300202504,0.818279129487344,0.7438756631841859,0.5839771353927928,0.7828233287377295,0.7796999257642387,0.7687447657522417,0.6878274341742672,0.709634184111293,0.6191708899516992,0.5858449646228847,0.7502939503097709,0.846810401922764,0.7692201114222232,0.7722846053640386,0.8752989544272176,0.7171005902997105,0.7327514840734551
0.900053276940985,0.8788575990870684,0.856106660986072,0.7619907530268403,0.7815542834892221,0.8087859467829025,0.7599452954985947,0.7622177389052631,0.0,0.842918974690636,0.8006677829382821,0.8886778649507298,0.8609212891185176,0.8506704018447944,0.7488821061739082,0.8257199583020622,0.8375874151343675,0.8673630247174238,0.8698645858604411,0.8759757180814542,0.7491713869044748,0.8356602170988682,0.8416150396982194,0.7812787081810978,0.9122778069299232,0.8658535101719135,0.7860835884229105,0.8454866345596697,0.8321828059196337,0.8658093693415366
0.8467120329844365,0.8743998628988419,0.7728957916696578,0.7095113294554249,0.7109461154336958,0.7629866785827942,0.7213574848373334,0.7056762092855631,0.842918974690636,0.0,0.6748189472883142,0.8641180885502491,0.8441925389014142,0.7382417061430906,0.7856818660078317,0.7302674191398115,0.8261670959947656,0.7682274791884192,0.8570083045084496,0.7585267393261519,0.7290883052388446,0.7224793460876318,0.78950833025649,0.8137057918737143,0.8373929073908137,0.729507852703015,0.769100844819748,0.8314692858838848,0.8096533591118168,0.8696829420153366
0.8161994482292938,0.9056750914602343,0.7778757859508949,0.7599896276038797,0.652904018422761,0.769499499597585,0.7318203276096132,0.7700038824502773,0.8006677829382821,0.6748189472883142,0.0,0.8581716208913601,0.813205281503372,0.8219212315213223,0.6874762289738945,0.7111987206869719,0.830582775438827,0.8142891689169625,0.8650113936648622,0.701631641236218,0.6878941459738633,0.6760367271443894,0.8416367192577812,0.8364680419785187,0.8392209969360034,0.769226964366583,0.7547179907843437,0.8488248594543305,0.788687498447931,0.8773035449816697
0.8757965901027047,0.9383584172443864,0.6597155559804815,0.6306926790753111,0.6216884331572732,0.5703962467283576,0.7642325857525072,0.9143998513739531,0.8886778649507298,0.8641180885502491,0.8581716208913601,0.0,0.7513466881099184,0.583683083688348,0.9282280722712228,0.7197436388941589,0.8690119792015745,0.751629043298145,0.9315726296095277,0.8464512757347147,0.9038566048801607,0.8000782315866699,0.9524883299590868,0.561719310673978,0.758708711634773,0.7029509887275674,0.6907450375018694,0.8490676464713997,0.8922180318424477,0.8379176199491893
0.8610723352698461,0.9200490918038647,0.7228143831878575,0.7021531945921365,0.6399727068643507,0.6831286623902676,0.757327011400657,0.8652036300202504,0.8609212891185176,0.8441925389014142,0.813205281503372,0.7513466881099184,0.0,0.6230144819505306,0.7667076541662324,0.7257678587298603,0.8661097775764605,0.7844853552028452,0.8970346722836584,0.8464368549789792,0.7655682917247177,0.8173218378030774,0.9221318969052131,0.672398632340772,0.8049718529887,0.7767850145766219,0.7486169143834739,0.8784563333317209,0.8883138868136786,0.864475055264567
0.9231830205093186,0.903234134911525,0.530334667529073,0.3754808311769141,0.4196140582070721,0.3013428682961129,0.587946407181638,0.818279129487344,0.8506704018447944,0.7382417061430906,0.8219212315213223,0.583683083688348,0.6230144819505306,0.0,0.797556605825453,0.6660488614861121,0.8198562826492278,0.5749253311393505,0.9041142658408925,0.8460417486802406,0.7614739043678591,0.8149381065031576,0.9009204421778495,0.49953478790443495,0.6235646509205977,0.546435453087061,0.5194474568715004,0.7555200397233629,0.8585322805884418,0.8396557357196912
0.9160917468067059,0.830968166553639,0.7681438772562411,0.7757684864926884,0.8207728301207555,0.8231887897037797,0.6845883486459858,0.7438756631841859,0.7488821061739082,0.7856818660078317,0.6874762289738945,0.9282280722712228,0.7667076541662324,0.797556605825453,0.0,0.7632571077744253,0.8029360138369948,0.8173943850297359,0.7113542727224308,0.8764042267587006,0.16726644264977775,0.8325352355029064,0.7990053300653496,0.8465937323414153,0.8697373586814043,0.8029852796260343,0.8151175778658406,0.8488383435970988,0.7905089867569186,0.8397860090561446
0.6061353104099889,0.6812933263526485,0.5664614942148247,0.6161628517188187,0.5200014972915274,0.6134067547858479,0.7374215718802257,0.5839771353927928,0.8257199583020622,0.7302674191398115,0.7111987206869719,0.7197436388941589,0.7257678587298603,0.6660488614861121,0.7632571077744253,0.0,0.8798428932442574,0.7665681283269465,0.7269345446797708,0.507339134441199,0.7103209956357475,0.3562588718295463,0.5214700627676478,0.6572439806548158,0.7623421117957372,0.7339079312929723,0.6611899705670155,0.8466191031930153,0.6487422314987978,0.7472561990625188
0.9232238259075485,0.8887083984380076,0.8286232568427512,0.7067043779720014,0.8420163448395184,0.7973685197009351,0.6987776758054922,0.7828233287377295,0.8375874151343675,0.8261670959947656,0.830582775438827,0.8690119792015745,0.8661097775764605,0.8198562826492278,0.8029360138369948,0.8798428932442574,0.0,0.7744049183801753,0.8986052966055743,0.8861085829212212,0.7780277097593679,0.8403416630343387,0.8449520108933802,0.831956848637267,0.8845391469103382,0.7489026277016705,0.8166578860804292,0.7942231686584105,0.8738854970843397,0.8736365974933009
0.9071984392258342,0.895475085596898,0.7287543298609733,0.5736775579649477,0.6447528960072999,0.5686755488011523,0.6651501495491945,0.7796999257642387,0.8673630247174238,0.7682274791884192,0.8142891689169625,0.751629043298145,0.7844853552028452,0.5749253311393505,0.8173943850297359,0.7665681283269465,0.7744049183801753,0.0,0.9006852620456455,0.8433500798515604,0.7915825511526873,0.7918073775522518,0.8876540827062996,0.720244667155115,0.7960094682630137,0.15124114568876612,0.7039498665444062,0.770737760792577,0.8488518609887943,0.8248802829342302
0.8414430263720188,0.8168908276978976,0.8196043157704743,0.8699885705953837,0.9044443071474704,0.8770007224326504,0.869021238802006,0.7687447657522417,0.8698645858604411,0.8570083045084496,0.8650113936648622,0.9315726296095277,0.8970346722836584,0.9041142658408925,0.7113542727224308,0.7269345446797708,0.8986052966055743,0.9006852620456455,0.0,0.832676551974086,0.6629348691135806,0.7580234924781291,0.7466796231917084,0.8818701362925625,0.8936643031866169,0.8746238293886739,0.8655517972892727,0.9071642368801074,0.8369552490739965,0.8195146382031138
0.6631226792898819,0.7624872991052078,0.6990654770018796,0.7946515150312726,0.7069474031222458,0.779376844432912,0.8182530080934888,0.6878274341742672,0.8759757180814542,0.7585267393261519,0.701631641236218,0.8464512757347147,0.8464368549789792,0.8460417486802406,0.8764042267587006,0.507339134441199,0.8861085829212212,0.8433500798515604,0.832676551974086,0.0,0.822073973471372,0.3506858200386801,0.7070638878326827,0.8470309033272212,0.8357865856078097,0.8045990604463821,0.7933725063172425,0.8824745921322454,0.7443929560244257,0.8624212499816366
0.8709045368643746,0.783487264153063,0.7172238414174876,0.7258933313251317,0.807545549583392,0.783941234414363,0.6441201391817117,0.709634184111293,0.7491713869044748,0.7290883052388446,0.6878941459738633,0.9038566048801607,0.7655682917247177,0.7614739043678591,0.16726644264977775,0.7103209956357475,0.7780277097593679,0.7915825511526873,0.6629348691135806,0.822073973471372,0.0,0.7617363515440521,0.7246883917269477,0.8212787320808562,0.833730314694021,0.7641654932543903,0.7763253344576869,0.8186977939099249,0.7454233909135699,0.7962759790401359
0.5577045580883468,0.6998417061697939,0.6020397117272276,0.7394445938612759,0.6561016675845541,0.7400734451515583,0.7742271845024102,0.6191708899516992,0.8356602170988682,0.7224793460876318,0.6760367271443894,0.8000782315866699,0.8173218378030774,0.8149381065031576,0.8325352355029064,0.3562588718295463,0.8403416630343387,0.7918073775522518,0.7580234924781291,0.3506858200386801,0.7617363515440521,0.0,0.6435080500498909,0.8264218489096316,0.7919608109735953,0.7541840519643183,0.7452495047892176,0.8346227213254961,0.6886747675067837,0.8285761560534863
0.8408360878989223,0.7536447925803482,0.801989095442412,0.7702417397447969,0.8247152935839741,0.8225658757757758,0.7732607553704629,0.5858449646228847,0.8416150396982194,0.78950833025649,0.8416367192577812,0.9524883299590868,0.9221318969052131,0.9009204421778495,0.7990053300653496,0.5214700627676478,0.8449520108933802,0.8876540827062996,0.7466796231917084,0.7070638878326827,0.7246883917269477,0.6435080500498909,0.0,0.8353543052864149,0.9177358369721189,0.8526855612659084,0.8250322480833349,0.8952273442333553,0.658487554879437,0.7503871884289119
0.8848949055256252,0.8305422231209195,0.6265593125800979,0.5132122776222781,0.497403357878202,0.5051856529368794,0.5767676510400026,0.7502939503097709,0.7812787081810978,0.8137057918737143,0.8364680419785187,0.561719310673978,0.672398632340772,0.49953478790443495,0.8465937323414153,0.6572439806548158,0.831956848637267,0.720244667155115,0.8818701362925625,0.8470309033272212,0.8212787320808562,0.8264218489096316,0.8353543052864149,0.0,0.6988869490666514,0.6927462200343153,0.5542628326262427,0.8206681048414054,0.8338189655546407,0.6972763699565105
0.8550047812591679,0.878702452914614,0.7271163833300934,0.6889351059252427,0.6996941152661249,0.6393401611949329,0.7822937197922675,0.846810401922764,0.9122778069299232,0.8373929073908137,0.8392209969360034,0.758708711634773,0.8049718529887,0.6235646509205977,0.8697373586814043,0.7623421117957372,0.8845391469103382,0.7960094682630137,0.8936643031866169,0.8357865856078097,0.833730314694021,0.7919608109735953,0.9177358369721189,0.6988869490666514,0.0,0.7720280606577794,0.7122440130746372,0.8825546232882054,0.8606335147202706,0.8705918162392099
0.8904625765409586,0.871874816682443,0.6891638214489026,0.5433261584503624,0.6058389335761521,0.5288321573686136,0.609700949477554,0.7692201114222232,0.8658535101719135,0.729507852703015,0.769226964366583,0.7029509887275674,0.7767850145766219,0.546435453087061,0.8029852796260343,0.7339079312929723,0.7489026277016705,0.15124114568876612,0.8746238293886739,0.8045990604463821,0.7641654932543903,0.7541840519643183,0.8526855612659084,0.6927462200343153,0.7720280606577794,0.0,0.6678920216831807,0.7619485701745395,0.8265688945385783,0.8084144828443066
0.8559136919674297,0.862291721127717,0.5529106676450872,0.45669789333814104,0.5166728934483613,0.4967198391923954,0.6049470219522514,0.7722846053640386,0.7860835884229105,0.769100844819748,0.7547179907843437,0.6907450375018694,0.7486169143834739,0.5194474568715004,0.8151175778658406,0.6611899705670155,0.8166578860804292,0.7039498665444062,0.8655517972892727,0.7933725063172425,0.7763253344576869,0.7452495047892176,0.8250322480833349,0.5542628326262427,0.7122440130746372,0.6678920216831807,0.0,0.7885954692991656,0.7297271251466053,0.8037218766209818
0.9036654535849201,0.937664350053089,0.8107842286580613,0.7445316257497498,0.7825192338667153,0.7240119644930423,0.7952907319581846,0.8752989544272176,0.8454866345596697,0.8314692858838848,0.8488248594543305,0.8490676464713997,0.8784563333317209,0.7555200397233629,0.8488383435970988,0.8466191031930153,0.7942231686584105,0.770737760792577,0.9071642368801074,0.8824745921322454,0.8186977939099249,0.8346227213254961,0.8952273442333553,0.8206681048414054,0.8825546232882054,0.7619485701745395,0.7885954692991656,0.0,0.8720752644153059,0.9146775409160826
0.8324331780893774,0.8356519385415173,0.753653278645198,0.6859314646835706,0.8028944902643396,0.8407717409526582,0.7866962174297827,0.7171005902997105,0.8321828059196337,0.8096533591118168,0.788687498447931,0.8922180318424477,0.8883138868136786,0.8585322805884418,0.7905089867569186,0.6487422314987978,0.8738854970843397,0.8488518609887943,0.8369552490739965,0.7443929560244257,0.7454233909135699,0.6886747675067837,0.658487554879437,0.8338189655546407,0.8606335147202706,0.8265688945385783,0.7297271251466053,0.8720752644153059,0.0,0.8051133061652193
0.8859677368262784,0.7745925828466921,0.8396475994295052,0.7254645127235853,0.7994281554379913,0.8193056273618784,0.7675784995007134,0.7327514840734551,0.8658093693415366,0.8696829420153366,0.8773035449816697,0.8379176199491893,0.864475055264567,0.8396557357196912,0.8397860090561446,0.7472561990625188,0.8736365974933009,0.8248802829342302,0.8195146382031138,0.8624212499816366,0.7962759790401359,0.8285761560534863,0.7503871884289119,0.6972763699565105,0.8705918162392099,0.8084144828443066,0.8037218766209818,0.9146775409160826,0.8051133061652193,0.0
